0.000000000000000000e+00 1.040969721562734929e+00
1.005025125628140753e-01 1.016860297144975389e+00
2.010050251256281506e-01 9.152447255391537029e-01
3.015075376884422398e-01 9.541764022508848475e-01
4.020100502512563012e-01 1.061221289161847547e+00
5.025125628140704181e-01 9.314785797296365466e-01
6.030150753768844796e-01 9.800604034926685415e-01
7.035175879396985410e-01 9.684888174899670688e-01
8.040201005025126024e-01 9.238828102989283808e-01
9.045226130653266639e-01 9.422360661537864113e-01
1.005025125628140836e+00 9.679617274359162415e-01
1.105527638190954898e+00 8.469913667097831445e-01
1.206030150753768959e+00 8.890391908003993926e-01
1.306532663316583021e+00 9.028577679898018848e-01
1.407035175879397082e+00 8.527642713704681743e-01
1.507537688442211143e+00 7.962030258650552028e-01
1.608040201005025205e+00 8.100894706931386358e-01
1.708542713567839266e+00 6.703066374379430536e-01
1.809045226130653328e+00 5.400645137678836694e-01
1.909547738693467389e+00 6.548156052480672562e-01
2.010050251256281673e+00 5.510169218635014854e-01
2.110552763819095734e+00 6.510633687613620602e-01
2.211055276381909795e+00 5.410821416838977882e-01
2.311557788944723857e+00 4.337470440590590615e-01
2.412060301507537918e+00 4.591944637792030881e-01
2.512562814070351980e+00 3.476261292263186919e-01
2.613065326633166041e+00 3.655895872346595077e-01
2.713567839195980103e+00 4.240117450397890009e-01
2.814070351758794164e+00 3.510576996992567644e-01
2.914572864321608225e+00 2.533697578249075599e-01
3.015075376884422287e+00 2.100032696043319380e-01
3.115577889447236348e+00 1.896354141450879160e-01
3.216080402010050410e+00 7.306262393592927173e-02
3.316582914572864471e+00 6.669561660966205618e-02
3.417085427135678533e+00 2.101534424040187379e-02
3.517587939698492594e+00 -6.612828844410001405e-02
3.618090452261306655e+00 -9.884118383628696936e-02
3.718592964824120717e+00 -1.120353343761275322e-01
3.819095477386934778e+00 -5.736341017182301771e-02
3.919597989949748840e+00 -1.750929703633177237e-01
4.020100502512563345e+00 -2.135296103705875692e-01
4.120603015075377407e+00 -3.366433942943038993e-01
4.221105527638191468e+00 -2.806978998493156463e-01
4.321608040201005529e+00 -3.249509527273692910e-01
4.422110552763819591e+00 -3.788883173259183779e-01
4.522613065326633652e+00 -3.926389706182410455e-01
4.623115577889447714e+00 -5.219667387471207398e-01
4.723618090452261775e+00 -5.437854602201928067e-01
4.824120603015075837e+00 -5.016844204705377397e-01
4.924623115577889898e+00 -5.460178914300485298e-01
5.025125628140703959e+00 -5.610589232848792740e-01
5.125628140703518021e+00 -6.524705340336331982e-01
5.226130653266332082e+00 -7.723423895764014446e-01
5.326633165829146144e+00 -7.773190297425347506e-01
5.427135678391960205e+00 -7.588453093195850485e-01
5.527638190954774267e+00 -7.479502745939281549e-01
5.628140703517588328e+00 -8.466486133540565007e-01
5.728643216080402389e+00 -8.446745496337402237e-01
5.829145728643216451e+00 -8.707287774767925592e-01
5.929648241206030512e+00 -8.330907610142013198e-01
6.030150753768844574e+00 -9.268542828701968883e-01
6.130653266331658635e+00 -8.975676253320952203e-01
6.231155778894472697e+00 -9.202803932626122396e-01
6.331658291457286758e+00 -1.007382355490081149e+00
6.432160804020100819e+00 -9.124282105578152002e-01
6.532663316582914881e+00 -1.029412131160263089e+00
6.633165829145728942e+00 -9.931457966155949890e-01
6.733668341708543004e+00 -1.049370223724607198e+00
6.834170854271357065e+00 -9.925343126790439063e-01
6.934673366834171127e+00 -9.927092126760090895e-01
7.035175879396985188e+00 -1.000470079491583508e+00
7.135678391959799249e+00 -1.044224227067566124e+00
7.236180904522613311e+00 -9.806657105933743734e-01
7.336683417085427372e+00 -9.984702977281342262e-01
7.437185929648241434e+00 -1.003628563058126533e+00
7.537688442211055495e+00 -9.559789936391824838e-01
7.638190954773869557e+00 -1.002262483302896579e+00
7.738693467336683618e+00 -8.549260417020169145e-01
7.839195979899497679e+00 -1.000716752773175289e+00
7.939698492462311741e+00 -8.215009847674462629e-01
8.040201005025126690e+00 -9.326872865537269019e-01
8.140703517587940752e+00 -8.643269702506096719e-01
8.241206030150754813e+00 -8.137016709217368415e-01
8.341708542713568875e+00 -8.420742558223195395e-01
8.442211055276382936e+00 -7.956137384150830938e-01
8.542713567839196998e+00 -8.063909879267899816e-01
8.643216080402011059e+00 -7.686519174211029481e-01
8.743718592964825120e+00 -6.487345854841868320e-01
8.844221105527639182e+00 -6.317830865981007848e-01
8.944723618090453243e+00 -6.935575716175347294e-01
9.045226130653267305e+00 -5.860755660553906843e-01
9.145728643216081366e+00 -5.464303244032029383e-01
9.246231155778895427e+00 -4.872897262012410580e-01
9.346733668341709489e+00 -4.691990606250095452e-01
9.447236180904523550e+00 -4.724201667088155365e-01
9.547738693467337612e+00 -5.490659831746181885e-01
9.648241206030151673e+00 -4.678827549983116674e-01
9.748743718592965735e+00 -2.993372136879441370e-01
9.849246231155779796e+00 -3.858877360348124119e-01
9.949748743718593857e+00 -2.694200815849561170e-01
1.005025125628140792e+01 -1.764171020410907620e-01
1.015075376884422198e+01 -2.164442305272797906e-01
1.025125628140703604e+01 -1.465110749271326118e-01
1.035175879396985010e+01 -4.659413073946430672e-02
1.045226130653266416e+01 -1.072303868947551420e-01
1.055276381909547823e+01 -2.987558466299523527e-02
1.065326633165829229e+01 4.055912430079409298e-02
1.075376884422110635e+01 9.614940149895920274e-02
1.085427135678392041e+01 1.612497287597830509e-01
1.095477386934673447e+01 2.168961575119688900e-01
1.105527638190954853e+01 2.091571803169546551e-01
1.115577889447236259e+01 2.549120618471818478e-01
1.125628140703517666e+01 3.525887087200465508e-01
1.135678391959799072e+01 3.602698452705762056e-01
1.145728643216080478e+01 3.711750458882052128e-01
1.155778894472361884e+01 5.050023012261910527e-01
1.165829145728643290e+01 5.670450404213915885e-01
1.175879396984924696e+01 5.263729595708321884e-01
1.185929648241206102e+01 5.904750532832880872e-01
1.195979899497487509e+01 6.296858072647213422e-01
1.206030150753768915e+01 5.882594005980267271e-01
1.216080402010050321e+01 6.843876266488243543e-01
1.226130653266331727e+01 6.765543904059976299e-01
1.236180904522613133e+01 7.629187987484854494e-01
1.246231155778894539e+01 7.916276467163221309e-01
1.256281407035175945e+01 7.209553875791258060e-01
1.266331658291457352e+01 7.963404753858216445e-01
1.276381909547738758e+01 8.313731565671316215e-01
1.286432160804020164e+01 1.004197766257300728e+00
1.296482412060301570e+01 8.730065719662872814e-01
1.306532663316582976e+01 8.445472456910425585e-01
1.316582914572864382e+01 1.003897400927477257e+00
1.326633165829145788e+01 1.014848880468879999e+00
1.336683417085427195e+01 9.810642936833758876e-01
1.346733668341708601e+01 9.965294101090769185e-01
1.356783919597990007e+01 9.421836275643029612e-01
1.366834170854271413e+01 1.002225460796166479e+00
1.376884422110552819e+01 9.668318544541617543e-01
1.386934673366834225e+01 9.798335479106778934e-01
1.396984924623115631e+01 9.886567179951307738e-01
1.407035175879397038e+01 9.724706585378573021e-01
1.417085427135678444e+01 1.078929930187396247e+00
1.427135678391959850e+01 9.881518685581812678e-01
1.437185929648241256e+01 9.114547795698318966e-01
1.447236180904522662e+01 8.891509263252632689e-01
1.457286432160804068e+01 1.019845404474196249e+00
1.467336683417085474e+01 1.035253218338587633e+00
1.477386934673366881e+01 9.605777573814296977e-01
1.487437185929648287e+01 9.534290793563710009e-01
1.497487437185929693e+01 9.575388795285856292e-01
1.507537688442211099e+01 9.696878894664198167e-01
1.517587939698492505e+01 8.683331550754054273e-01
1.527638190954773911e+01 7.328589606802338174e-01
1.537688442211055317e+01 8.732260141035310674e-01
1.547738693467336724e+01 8.854768300304551865e-01
1.557788944723618130e+01 7.408190933793511457e-01
1.567839195979899536e+01 7.173892945851731984e-01
1.577889447236180942e+01 7.145896790927622755e-01
1.587939698492462348e+01 6.973690349026042679e-01
1.597989949748743754e+01 7.185767259713438104e-01
1.608040201005025338e+01 5.265819275218669437e-01
1.618090452261306567e+01 5.645854474201645878e-01
1.628140703517588150e+01 4.916729164652594020e-01
1.638190954773869379e+01 4.876373500668781946e-01
1.648241206030150963e+01 4.489267239574426527e-01
1.658291457286432191e+01 3.984528412069772152e-01
1.668341708542713775e+01 3.371976540370434927e-01
1.678391959798995003e+01 2.740472283936810638e-01
1.688442211055276587e+01 2.375147709009389485e-01
1.698492462311557816e+01 1.606689695249555183e-01
1.708542713567839400e+01 2.140497132273411207e-01
1.718592964824120628e+01 1.534707747548672008e-01
1.728643216080402212e+01 1.949192031351771326e-01
1.738693467336683440e+01 9.908463266925943147e-02
1.748743718592965024e+01 8.867827407213391133e-02
1.758793969849246253e+01 -1.050113369813932690e-01
1.768844221105527836e+01 -6.778500839845588710e-02
1.778894472361809065e+01 -7.343693319694057087e-02
1.788944723618090649e+01 -8.824071936954500095e-02
1.798994974874371877e+01 -2.247788659726919214e-01
1.809045226130653461e+01 -2.950986145926441928e-01
1.819095477386934689e+01 -2.142227674411570915e-01
1.829145728643216273e+01 -2.897442609600061059e-01
1.839195979899497502e+01 -3.388857077395400208e-01
1.849246231155779085e+01 -3.838360569801330668e-01
1.859296482412060314e+01 -3.522539736505408969e-01
1.869346733668341898e+01 -5.389799809947759535e-01
1.879396984924623126e+01 -4.837325096594993212e-01
1.889447236180904710e+01 -5.119827153471397940e-01
1.899497487437185939e+01 -6.457090184568181623e-01
1.909547738693467522e+01 -6.408263297019625160e-01
1.919597989949748751e+01 -6.171445397399984989e-01
1.929648241206030335e+01 -7.260996144086911963e-01
1.939698492462311563e+01 -7.319444129775525276e-01
1.949748743718593147e+01 -7.818938654878445638e-01
1.959798994974874375e+01 -7.835862260628140286e-01
1.969849246231155959e+01 -8.173320073611038961e-01
1.979899497487437188e+01 -8.372979960139417255e-01
1.989949748743718771e+01 -8.808781816737480952e-01
2.000000000000000000e+01 -8.143503908308831196e-01
