0.000000000000000000e+00 1.073873554485178738e+00
1.005025125628140753e-01 1.006606454211358193e+00
2.010050251256281506e-01 9.193633716670682743e-01
3.015075376884422398e-01 8.934709814575202413e-01
4.020100502512563012e-01 5.537484112188675311e-01
5.025125628140704181e-01 3.618120051664528436e-01
6.030150753768844796e-01 2.220270581692981582e-01
7.035175879396985410e-01 6.464168915467968790e-02
8.040201005025126024e-01 -1.937252541897654945e-01
9.045226130653266639e-01 -4.199103742136193196e-01
1.005025125628140836e+00 -5.687714740397453728e-01
1.105527638190954898e+00 -7.544024840631508022e-01
1.206030150753768959e+00 -8.659665416261708160e-01
1.306532663316583021e+00 -9.704813110651496766e-01
1.407035175879397082e+00 -1.094910773350884492e+00
1.507537688442211143e+00 -1.029356487007414556e+00
1.608040201005025205e+00 -9.039827776670062986e-01
1.708542713567839266e+00 -7.274066970326308335e-01
1.809045226130653328e+00 -6.589314933178990197e-01
1.909547738693467389e+00 -4.294207597148013700e-01
2.010050251256281673e+00 -1.792989435577319601e-01
2.110552763819095734e+00 1.317491081038708878e-02
2.211055276381909795e+00 2.378765545218992361e-01
2.311557788944723857e+00 4.222602528141773948e-01
2.412060301507537918e+00 6.542305411977132890e-01
2.512562814070351980e+00 7.789946352830012799e-01
2.613065326633166041e+00 1.000871476653730774e+00
2.713567839195980103e+00 1.021258070997146383e+00
2.814070351758794164e+00 9.777646468084383313e-01
2.914572864321608225e+00 9.517860114057461463e-01
3.015075376884422287e+00 9.294326830542960494e-01
3.115577889447236348e+00 7.396834787759501983e-01
3.216080402010050410e+00 6.796683560519336531e-01
3.316582914572864471e+00 5.137904888238188361e-01
3.417085427135678533e+00 3.113714673631566843e-01
3.517587939698492594e+00 -3.618758623396504254e-02
3.618090452261306655e+00 -1.588253008580242098e-01
3.718592964824120717e+00 -4.288757249351971557e-01
3.819095477386934778e+00 -7.440277892672298998e-01
3.919597989949748840e+00 -8.208946199911975050e-01
4.020100502512563345e+00 -9.435193514704396378e-01
4.120603015075377407e+00 -9.606993940044895597e-01
4.221105527638191468e+00 -1.003778515594478282e+00
4.321608040201005529e+00 -1.013973023074781654e+00
4.422110552763819591e+00 -9.140694303204570659e-01
4.522613065326633652e+00 -8.231310341755416760e-01
4.623115577889447714e+00 -5.510143217299444673e-01
4.723618090452261775e+00 -3.826214741500260086e-01
4.824120603015075837e+00 -1.905159268319470134e-01
4.924623115577889898e+00 -2.472771009219441526e-02
5.025125628140703959e+00 2.716861518153099730e-01
5.125628140703518021e+00 4.242025455062488071e-01
5.226130653266332082e+00 6.370477423789734361e-01
5.326633165829146144e+00 8.455454173708985000e-01
5.427135678391960205e+00 9.168818321801104343e-01
5.527638190954774267e+00 9.902554058040982099e-01
5.628140703517588328e+00 1.024830564460196269e+00
5.728643216080402389e+00 9.534191836819432275e-01
5.829145728643216451e+00 8.758166861038058082e-01
5.929648241206030512e+00 7.420552993083849858e-01
6.030150753768844574e+00 5.579490440033240128e-01
6.130653266331658635e+00 5.029607178972661519e-01
6.231155778894472697e+00 2.839570477832938367e-01
6.331658291457286758e+00 1.877195887927885637e-02
6.432160804020100819e+00 -3.079579466286486156e-01
6.532663316582914881e+00 -4.455176417983969239e-01
6.633165829145728942e+00 -6.714142285032503876e-01
6.733668341708543004e+00 -8.341356031007576277e-01
6.834170854271357065e+00 -9.066701225285462851e-01
6.934673366834171127e+00 -9.280818349879538243e-01
7.035175879396985188e+00 -1.011778795344670190e+00
7.135678391959799249e+00 -8.713118437502711533e-01
7.236180904522613311e+00 -9.137218888021859664e-01
7.336683417085427372e+00 -7.772946369387377930e-01
7.437185929648241434e+00 -6.147107795619878301e-01
7.537688442211055495e+00 -3.632696596560745506e-01
7.638190954773869557e+00 -2.160892664798489404e-01
7.738693467336683618e+00 1.139897792295634787e-01
7.839195979899497679e+00 2.696941958120968597e-01
7.939698492462311741e+00 4.754361611963233702e-01
8.040201005025126690e+00 6.763039627694291678e-01
8.140703517587940752e+00 8.710990905051425592e-01
8.241206030150754813e+00 9.207179948904108402e-01
8.341708542713568875e+00 9.666855993032230643e-01
8.442211055276382936e+00 1.025221713752180630e+00
8.542713567839196998e+00 9.854381904639359924e-01
8.643216080402011059e+00 8.680079334419231740e-01
8.743718592964825120e+00 8.187754483669767991e-01
8.844221105527639182e+00 5.427515381916883097e-01
8.944723618090453243e+00 3.934294319591016276e-01
9.045226130653267305e+00 2.014152326407515070e-01
9.145728643216081366e+00 -1.559230353579797168e-01
9.246231155778895427e+00 -2.109098742947858041e-01
9.346733668341709489e+00 -4.024770269223921226e-01
9.447236180904523550e+00 -6.048379555231138127e-01
9.547738693467337612e+00 -8.745921999499264299e-01
9.648241206030151673e+00 -8.346956214097149829e-01
9.748743718592965735e+00 -9.168730728144159903e-01
9.849246231155779796e+00 -1.001259680829356125e+00
9.949748743718593857e+00 -1.020669663916875969e+00
1.005025125628140792e+01 -9.113145425681119516e-01
1.015075376884422198e+01 -6.579438195812264967e-01
1.025125628140703604e+01 -6.834995041311596742e-01
1.035175879396985010e+01 -4.513479453109581763e-01
1.045226130653266416e+01 -1.820318919701844895e-01
1.055276381909547823e+01 -2.452560622647959043e-02
1.065326633165829229e+01 2.781332807817497588e-01
1.075376884422110635e+01 5.607798068024493210e-01
1.085427135678392041e+01 6.081474419543629883e-01
1.095477386934673447e+01 8.163563891143608142e-01
1.105527638190954853e+01 9.187299961958451666e-01
1.115577889447236259e+01 8.639756320864786510e-01
1.125628140703517666e+01 1.003918059479716129e+00
1.135678391959799072e+01 1.008973093489413442e+00
1.145728643216080478e+01 8.941929491879473391e-01
1.155778894472361884e+01 7.835799664736068371e-01
1.165829145728643290e+01 6.364252455703501843e-01
1.175879396984924696e+01 4.256564338450447016e-01
1.185929648241206102e+01 1.989971095759885955e-01
1.195979899497487509e+01 -5.465945744880968543e-02
1.206030150753768915e+01 -2.744001343627797129e-01
1.216080402010050321e+01 -5.208382325978285765e-01
1.226130653266331727e+01 -6.729647824503373066e-01
1.236180904522613133e+01 -8.088320033873810377e-01
1.246231155778894539e+01 -9.206900502865640323e-01
1.256281407035175945e+01 -1.022819978476241731e+00
1.266331658291457352e+01 -9.745280940463268982e-01
1.276381909547738758e+01 -9.567533691638284710e-01
1.286432160804020164e+01 -8.580430468346598172e-01
1.296482412060301570e+01 -7.216492714818359966e-01
1.306532663316582976e+01 -5.678360201598788848e-01
1.316582914572864382e+01 -3.695538481469349823e-01
1.326633165829145788e+01 -1.913817935859435659e-01
1.336683417085427195e+01 -6.231491861407139482e-02
1.346733668341708601e+01 2.759041776957439351e-01
1.356783919597990007e+01 5.260984950031577512e-01
1.366834170854271413e+01 7.173858863204173320e-01
1.376884422110552819e+01 7.821407789325497406e-01
1.386934673366834225e+01 9.699134634216194373e-01
1.396984924623115631e+01 8.925557329087732139e-01
1.407035175879397038e+01 9.486659072506974377e-01
1.417085427135678444e+01 9.586646436601178323e-01
1.427135678391959850e+01 9.478263527411632250e-01
1.437185929648241256e+01 6.966341844900689750e-01
1.447236180904522662e+01 6.261260597524049842e-01
1.457286432160804068e+01 4.917053736835400035e-01
1.467336683417085474e+01 1.441279227538271035e-01
1.477386934673366881e+01 -7.461561795943802422e-02
1.487437185929648287e+01 -2.277618009002654320e-01
1.497487437185929693e+01 -3.638661345578301232e-01
1.507537688442211099e+01 -7.021751949979053720e-01
1.517587939698492505e+01 -8.351631157159441488e-01
1.527638190954773911e+01 -8.753084574157570241e-01
1.537688442211055317e+01 -1.007375406700839804e+00
1.547738693467336724e+01 -9.485830617244844776e-01
1.557788944723618130e+01 -9.691232849500756030e-01
1.567839195979899536e+01 -9.446531956191875912e-01
1.577889447236180942e+01 -7.363397053952975835e-01
1.587939698492462348e+01 -5.782825739006163257e-01
1.597989949748743754e+01 -3.855968229831941985e-01
1.608040201005025338e+01 -2.743566531643925055e-01
1.618090452261306567e+01 6.238949480018883553e-02
1.628140703517588150e+01 3.480448315970983142e-01
1.638190954773869379e+01 5.197638719184740630e-01
1.648241206030150963e+01 6.712446554883324534e-01
1.658291457286432191e+01 7.157236775586461874e-01
1.668341708542713775e+01 9.090318284094769385e-01
1.678391959798995003e+01 1.034556904324019477e+00
1.688442211055276587e+01 9.979619481691026639e-01
1.698492462311557816e+01 9.542059916426329780e-01
1.708542713567839400e+01 8.369049446759568855e-01
1.718592964824120628e+01 7.339022686543426044e-01
1.728643216080402212e+01 5.960042790896628029e-01
1.738693467336683440e+01 3.824800225929741448e-01
1.748743718592965024e+01 1.394845117483765051e-01
1.758793969849246253e+01 -9.825121747924873972e-02
1.768844221105527836e+01 -2.076459297320765729e-01
1.778894472361809065e+01 -5.334988763807905210e-01
1.788944723618090649e+01 -7.539525697586866304e-01
1.798994974874371877e+01 -9.080670863830806461e-01
1.809045226130653461e+01 -8.628211052682260851e-01
1.819095477386934689e+01 -1.041365491792180853e+00
1.829145728643216273e+01 -9.161886906161926802e-01
1.839195979899497502e+01 -9.695064934053034822e-01
1.849246231155779085e+01 -8.762286251909077173e-01
1.859296482412060314e+01 -7.517482365301833003e-01
1.869346733668341898e+01 -5.635362861246749899e-01
1.879396984924623126e+01 -3.188143566999277478e-01
1.889447236180904710e+01 -1.811180858287271267e-01
1.899497487437185939e+01 1.177993323700032430e-01
1.909547738693467522e+01 3.064912910950581271e-01
1.919597989949748751e+01 4.915743110305545449e-01
1.929648241206030335e+01 6.391174362804246112e-01
1.939698492462311563e+01 7.619474549882344627e-01
1.949748743718593147e+01 9.612115712460067574e-01
1.959798994974874375e+01 9.614382103848071459e-01
1.969849246231155959e+01 1.003345006358081104e+00
1.979899497487437188e+01 1.011391135169217304e+00
1.989949748743718771e+01 7.751744702472087578e-01
2.000000000000000000e+01 7.227618058343344698e-01
