0.000000000000000000e+00 1.027228047111373055e+00
1.005025125628140753e-01 9.692586434954854058e-01
2.010050251256281506e-01 1.040246705698870455e+00
3.015075376884422398e-01 9.271759528498091374e-01
4.020100502512563012e-01 9.366287819329557340e-01
5.025125628140704181e-01 9.879080169823892810e-01
6.030150753768844796e-01 8.659867022226961364e-01
7.035175879396985410e-01 8.465875952344118494e-01
8.040201005025126024e-01 7.655734113926586648e-01
9.045226130653266639e-01 6.672548646213336543e-01
1.005025125628140836e+00 7.612388591998138221e-01
1.105527638190954898e+00 7.306462817127409304e-01
1.206030150753768959e+00 5.790721928700939269e-01
1.306532663316583021e+00 5.263872712955177668e-01
1.407035175879397082e+00 4.716835347355600172e-01
1.507537688442211143e+00 4.180812520145994471e-01
1.608040201005025205e+00 2.421471743660764120e-01
1.708542713567839266e+00 2.648798067501477171e-01
1.809045226130653328e+00 2.071376367801905927e-01
1.909547738693467389e+00 1.021126873556264802e-01
2.010050251256281673e+00 3.364287233155044410e-02
2.110552763819095734e+00 3.655623288230327311e-02
2.211055276381909795e+00 -1.802708886045170100e-01
2.311557788944723857e+00 -1.396740369003930671e-01
2.412060301507537918e+00 -2.527728862875159854e-01
2.512562814070351980e+00 -3.740917529046267620e-01
2.613065326633166041e+00 -4.683096572653394629e-01
2.713567839195980103e+00 -5.174616152476562148e-01
2.814070351758794164e+00 -5.145958689825398391e-01
2.914572864321608225e+00 -6.414697431683662465e-01
3.015075376884422287e+00 -6.276672787501281769e-01
3.115577889447236348e+00 -6.777217482250954550e-01
3.216080402010050410e+00 -7.625671656845849355e-01
3.316582914572864471e+00 -8.739309967669171009e-01
3.417085427135678533e+00 -8.196451953802545987e-01
3.517587939698492594e+00 -9.835616172809339419e-01
3.618090452261306655e+00 -8.906594569137439299e-01
3.718592964824120717e+00 -8.819436213211304665e-01
3.819095477386934778e+00 -9.700506723519577434e-01
3.919597989949748840e+00 -1.019378532032634732e+00
4.020100502512563345e+00 -9.781233503621483694e-01
4.120603015075377407e+00 -1.067077234840029032e+00
4.221105527638191468e+00 -1.054790696063373723e+00
4.321608040201005529e+00 -9.966992202907790643e-01
4.422110552763819591e+00 -9.835409923095621565e-01
4.522613065326633652e+00 -9.885533557615839850e-01
4.623115577889447714e+00 -9.015570621844660737e-01
4.723618090452261775e+00 -8.919081850120997856e-01
4.824120603015075837e+00 -8.570492449734044005e-01
4.924623115577889898e+00 -8.494911868882751849e-01
5.025125628140703959e+00 -7.535734261264041001e-01
5.125628140703518021e+00 -6.953471266194468647e-01
5.226130653266332082e+00 -6.665592630629940674e-01
5.326633165829146144e+00 -4.880799351786473950e-01
5.427135678391960205e+00 -4.248293224162206227e-01
5.527638190954774267e+00 -5.368160240564530117e-01
5.628140703517588328e+00 -3.332325514973630831e-01
5.728643216080402389e+00 -3.729008487315202403e-01
5.829145728643216451e+00 -2.548889513160952358e-01
5.929648241206030512e+00 -1.307016036762886080e-01
6.030150753768844574e+00 -1.248277025201623147e-01
6.130653266331658635e+00 -1.143807723908993879e-01
6.231155778894472697e+00 1.363281067540199620e-01
6.331658291457286758e+00 1.801903209194363475e-01
6.432160804020100819e+00 1.938738997032624922e-01
6.532663316582914881e+00 2.368597728096046295e-01
6.633165829145728942e+00 3.768876343845553589e-01
6.733668341708543004e+00 5.332825952065592956e-01
6.834170854271357065e+00 4.813460140742998883e-01
6.934673366834171127e+00 6.108141599706060632e-01
7.035175879396985188e+00 6.710083829912429909e-01
7.135678391959799249e+00 7.888236136952034849e-01
7.236180904522613311e+00 8.010670414053880917e-01
7.336683417085427372e+00 8.438202949891211446e-01
7.437185929648241434e+00 9.077246103338094674e-01
7.537688442211055495e+00 8.646277935193726893e-01
7.638190954773869557e+00 9.096410208625734795e-01
7.738693467336683618e+00 9.231837685318666775e-01
7.839195979899497679e+00 1.007528511832991525e+00
7.939698492462311741e+00 9.705574452248814099e-01
8.040201005025126690e+00 9.632521940437922536e-01
8.140703517587940752e+00 9.195877728075791957e-01
8.241206030150754813e+00 8.932563830612626488e-01
8.341708542713568875e+00 1.001559568920287857e+00
8.442211055276382936e+00 9.558808886040873753e-01
8.542713567839196998e+00 1.002788302282466626e+00
8.643216080402011059e+00 8.677474373755909021e-01
8.743718592964825120e+00 9.414864232834212476e-01
8.844221105527639182e+00 7.982137817905862187e-01
8.944723618090453243e+00 8.596275898928752435e-01
9.045226130653267305e+00 7.665007656892284249e-01
9.145728643216081366e+00 6.811230176454241558e-01
9.246231155778895427e+00 6.611639628810259683e-01
9.346733668341709489e+00 7.392733661825905411e-01
9.447236180904523550e+00 5.277753546464073464e-01
9.547738693467337612e+00 4.791701813665493193e-01
9.648241206030151673e+00 4.648616483396423305e-01
9.748743718592965735e+00 3.561236766503625972e-01
9.849246231155779796e+00 3.693918217571180440e-01
9.949748743718593857e+00 1.887164339281795222e-01
1.005025125628140792e+01 1.318288220878414962e-01
1.015075376884422198e+01 6.533183369511863514e-02
1.025125628140703604e+01 -2.371866532584691878e-02
1.035175879396985010e+01 -1.708368349878199854e-01
1.045226130653266416e+01 -2.451299387705958011e-01
1.055276381909547823e+01 -2.198898737502431311e-01
1.065326633165829229e+01 -3.186276043940958203e-01
1.075376884422110635e+01 -3.596384787457089782e-01
1.085427135678392041e+01 -4.363410428244221539e-01
1.095477386934673447e+01 -5.026498494641891135e-01
1.105527638190954853e+01 -5.120002632614828464e-01
1.115577889447236259e+01 -6.282414671651803673e-01
1.125628140703517666e+01 -5.983624237643813126e-01
1.135678391959799072e+01 -6.761664979504019568e-01
1.145728643216080478e+01 -7.618024533797486120e-01
1.155778894472361884e+01 -7.854840714869856244e-01
1.165829145728643290e+01 -9.802043816436775137e-01
1.175879396984924696e+01 -9.006349749033405461e-01
1.185929648241206102e+01 -9.776735034237284960e-01
1.195979899497487509e+01 -9.808632067442581981e-01
1.206030150753768915e+01 -9.062338690618323422e-01
1.216080402010050321e+01 -1.026207462380427149e+00
1.226130653266331727e+01 -1.005091521271453292e+00
1.236180904522613133e+01 -1.046868109302221628e+00
1.246231155778894539e+01 -9.581300497741168654e-01
1.256281407035175945e+01 -8.949255843361094698e-01
1.266331658291457352e+01 -1.001043401989417436e+00
1.276381909547738758e+01 -9.863008496505518696e-01
1.286432160804020164e+01 -9.644074139774437837e-01
1.296482412060301570e+01 -8.484111425245733917e-01
1.306532663316582976e+01 -8.397654030566671368e-01
1.316582914572864382e+01 -8.076998995945522397e-01
1.326633165829145788e+01 -7.167083952812883796e-01
1.336683417085427195e+01 -7.143233394510299927e-01
1.346733668341708601e+01 -6.555204139973515032e-01
1.356783919597990007e+01 -5.370684636611948726e-01
1.366834170854271413e+01 -5.695413813499264899e-01
1.376884422110552819e+01 -3.554798538347122561e-01
1.386934673366834225e+01 -4.068499689935228258e-01
1.396984924623115631e+01 -2.778980638654930946e-01
1.407035175879397038e+01 -2.198109185670527044e-01
1.417085427135678444e+01 -1.938851114040980317e-01
1.427135678391959850e+01 -9.457122525520413048e-02
1.437185929648241256e+01 1.283677805090283758e-02
1.447236180904522662e+01 7.359942860403508036e-02
1.457286432160804068e+01 2.092760701325028783e-01
1.467336683417085474e+01 2.189540894121858872e-01
1.477386934673366881e+01 3.975275024502146204e-01
1.487437185929648287e+01 4.216407049541486818e-01
1.497487437185929693e+01 4.352383167505850525e-01
1.507537688442211099e+01 5.303273811576697527e-01
1.517587939698492505e+01 5.983696852708192404e-01
1.527638190954773911e+01 6.066676169196291157e-01
1.537688442211055317e+01 7.156233094986621524e-01
1.547738693467336724e+01 7.581699348363560853e-01
1.557788944723618130e+01 8.644606555662943670e-01
1.567839195979899536e+01 7.970552129175237921e-01
1.577889447236180942e+01 8.117146433433102271e-01
1.587939698492462348e+01 9.384608155347367031e-01
1.597989949748743754e+01 9.469681477494753530e-01
1.608040201005025338e+01 8.499972146101262283e-01
1.618090452261306567e+01 1.002042415548903387e+00
1.628140703517588150e+01 1.137221213818278898e+00
1.638190954773869379e+01 9.780425991772010441e-01
1.648241206030150963e+01 9.652065850958848614e-01
1.658291457286432191e+01 8.977485378235636748e-01
1.668341708542713775e+01 1.014926683484084435e+00
1.678391959798995003e+01 8.383681886402838401e-01
1.688442211055276587e+01 8.610320123481598475e-01
1.698492462311557816e+01 9.210572075333953723e-01
1.708542713567839400e+01 9.035734441579940102e-01
1.718592964824120628e+01 8.670559807056597013e-01
1.728643216080402212e+01 8.682061857584855158e-01
1.738693467336683440e+01 7.903999245278882091e-01
1.748743718592965024e+01 6.504568033557314166e-01
1.758793969849246253e+01 6.947823575946147079e-01
1.768844221105527836e+01 5.161070059501772223e-01
1.778894472361809065e+01 4.889050567378878664e-01
1.788944723618090649e+01 3.487656653249067706e-01
1.798994974874371877e+01 3.525663097519863287e-01
1.809045226130653461e+01 1.662720672814410605e-01
1.819095477386934689e+01 1.690142440876769014e-01
1.829145728643216273e+01 9.618106193286254935e-02
1.839195979899497502e+01 5.139318511598355010e-02
1.849246231155779085e+01 -3.302994898654755540e-02
1.859296482412060314e+01 -1.607442966359274028e-01
1.869346733668341898e+01 -1.818442412399458308e-01
1.879396984924623126e+01 -2.636169857958610696e-01
1.889447236180904710e+01 -3.789183733175026658e-01
1.899497487437185939e+01 -4.646027673803166946e-01
1.909547738693467522e+01 -5.323583330537202674e-01
1.919597989949748751e+01 -4.946777807393558657e-01
1.929648241206030335e+01 -5.741444557661354864e-01
1.939698492462311563e+01 -6.441290139444082463e-01
1.949748743718593147e+01 -6.739333351255614168e-01
1.959798994974874375e+01 -7.186866198445329701e-01
1.969849246231155959e+01 -8.363853311842461835e-01
1.979899497487437188e+01 -9.197121738180720207e-01
1.989949748743718771e+01 -8.697696581184979348e-01
2.000000000000000000e+01 -9.379236472351080156e-01
