0.000000000000000000e+00 1.080581941601930440e+00
1.005025125628140753e-01 9.575664319685632808e-01
2.010050251256281506e-01 9.387668155890253052e-01
3.015075376884422398e-01 9.296080193816103066e-01
4.020100502512563012e-01 1.008262948899866895e+00
5.025125628140704181e-01 8.448034827804148383e-01
6.030150753768844796e-01 6.992235673393168982e-01
7.035175879396985410e-01 5.389322101420788158e-01
8.040201005025126024e-01 5.246443999158971749e-01
9.045226130653266639e-01 4.701448478763041727e-01
1.005025125628140836e+00 2.919892563035863531e-01
1.105527638190954898e+00 2.457909974127282515e-01
1.206030150753768959e+00 4.320102193214921116e-02
1.306532663316583021e+00 -1.556447481720121817e-01
1.407035175879397082e+00 -2.958691668345186376e-01
1.507537688442211143e+00 -3.302823477575078659e-01
1.608040201005025205e+00 -5.521418030788018960e-01
1.708542713567839266e+00 -6.485298549866901352e-01
1.809045226130653328e+00 -6.758714406180751366e-01
1.909547738693467389e+00 -7.661607112609980508e-01
2.010050251256281673e+00 -8.805059974491757924e-01
2.110552763819095734e+00 -8.874971149623209765e-01
2.211055276381909795e+00 -8.916373690549873610e-01
2.311557788944723857e+00 -9.533005770987355021e-01
2.412060301507537918e+00 -1.044708231077362548e+00
2.512562814070351980e+00 -9.838670441386239141e-01
2.613065326633166041e+00 -8.949990095743467489e-01
2.713567839195980103e+00 -9.514884760434023647e-01
2.814070351758794164e+00 -8.935630650330411706e-01
2.914572864321608225e+00 -7.962541576074184668e-01
3.015075376884422287e+00 -7.116701431059325733e-01
3.115577889447236348e+00 -6.267692716716426471e-01
3.216080402010050410e+00 -4.423493211572223083e-01
3.316582914572864471e+00 -4.566204278958728713e-01
3.417085427135678533e+00 -2.831835487223061665e-01
3.517587939698492594e+00 -1.264133127089613895e-01
3.618090452261306655e+00 3.658238277327752197e-03
3.718592964824120717e+00 1.288900126417988068e-01
3.819095477386934778e+00 2.082185758768969608e-01
3.919597989949748840e+00 4.644700258212216548e-01
4.020100502512563345e+00 3.190639532829150360e-01
4.120603015075377407e+00 5.446252339747745808e-01
4.221105527638191468e+00 6.062439284901509629e-01
4.321608040201005529e+00 7.565782847078185158e-01
4.422110552763819591e+00 8.734186463836648429e-01
4.522613065326633652e+00 8.813534775585408765e-01
4.623115577889447714e+00 8.921291355514174848e-01
4.723618090452261775e+00 9.775229553076766331e-01
4.824120603015075837e+00 9.941073170183677421e-01
4.924623115577889898e+00 9.440249739642539994e-01
5.025125628140703959e+00 9.910476848338395373e-01
5.125628140703518021e+00 9.064759256416412558e-01
5.226130653266332082e+00 8.423534526604457007e-01
5.326633165829146144e+00 8.327839748862423397e-01
5.427135678391960205e+00 6.759806981338745135e-01
5.527638190954774267e+00 5.944542838319607503e-01
5.628140703517588328e+00 6.189629895965013118e-01
5.728643216080402389e+00 4.963175782148645521e-01
5.829145728643216451e+00 3.735609722261344356e-01
5.929648241206030512e+00 1.710733286215697646e-01
6.030150753768844574e+00 -1.958099222984330257e-03
6.130653266331658635e+00 3.696427791149738129e-03
6.231155778894472697e+00 -1.775692871498986136e-01
6.331658291457286758e+00 -1.899219451798345448e-01
6.432160804020100819e+00 -3.909466639770060592e-01
6.532663316582914881e+00 -5.718010981429783035e-01
6.633165829145728942e+00 -6.027747080221786957e-01
6.733668341708543004e+00 -7.503918698785505548e-01
6.834170854271357065e+00 -8.221506201591357588e-01
6.934673366834171127e+00 -8.952687272628195858e-01
7.035175879396985188e+00 -9.482237176398630174e-01
7.135678391959799249e+00 -1.028437729885974816e+00
7.236180904522613311e+00 -1.033073177905628803e+00
7.336683417085427372e+00 -1.048767411317999887e+00
7.437185929648241434e+00 -9.923666331964571263e-01
7.537688442211055495e+00 -9.291771123159021650e-01
7.638190954773869557e+00 -7.719912857306001630e-01
7.738693467336683618e+00 -8.057856088049177856e-01
7.839195979899497679e+00 -7.374914928119875590e-01
7.939698492462311741e+00 -6.164095604695570829e-01
8.040201005025126690e+00 -6.243932487199781445e-01
8.140703517587940752e+00 -4.145937292830844667e-01
8.241206030150754813e+00 -3.419050934798945618e-01
8.341708542713568875e+00 -1.643475908744634617e-01
8.442211055276382936e+00 -1.144793241136311535e-01
8.542713567839196998e+00 -3.001866779213746561e-02
8.643216080402011059e+00 1.945645580582485434e-01
8.743718592964825120e+00 1.711353663730330876e-01
8.844221105527639182e+00 4.072868348482518996e-01
8.944723618090453243e+00 5.384418769675464178e-01
9.045226130653267305e+00 6.248928420779903403e-01
9.145728643216081366e+00 7.700119907138122111e-01
9.246231155778895427e+00 8.978193410258356044e-01
9.346733668341709489e+00 8.694298787507518389e-01
9.447236180904523550e+00 9.226456381402821094e-01
9.547738693467337612e+00 1.065494490265678884e+00
9.648241206030151673e+00 9.822500979951942490e-01
9.748743718592965735e+00 9.742225327726780071e-01
9.849246231155779796e+00 1.038411137606220391e+00
9.949748743718593857e+00 9.229277743425186031e-01
1.005025125628140792e+01 9.352733437532608773e-01
1.015075376884422198e+01 8.832185260619497269e-01
1.025125628140703604e+01 7.633114020668313460e-01
1.035175879396985010e+01 7.147482340664178535e-01
1.045226130653266416e+01 6.596238735278597831e-01
1.055276381909547823e+01 5.324985262291777044e-01
1.065326633165829229e+01 4.138724514580825464e-01
1.075376884422110635e+01 2.782170862607576955e-01
1.085427135678392041e+01 1.067662847897050127e-01
1.095477386934673447e+01 2.187163101821779088e-02
1.105527638190954853e+01 -1.221175463801404820e-01
1.115577889447236259e+01 -3.196719524123610157e-01
1.125628140703517666e+01 -4.616345908617133231e-01
1.135678391959799072e+01 -5.310499578475676996e-01
1.145728643216080478e+01 -6.248577498364142890e-01
1.155778894472361884e+01 -7.761864068023156538e-01
1.165829145728643290e+01 -6.756038336498725316e-01
1.175879396984924696e+01 -8.385758368290177067e-01
1.185929648241206102e+01 -8.982470119798292574e-01
1.195979899497487509e+01 -9.755249934137762979e-01
1.206030150753768915e+01 -9.311241550124804700e-01
1.216080402010050321e+01 -1.011523764652880075e+00
1.226130653266331727e+01 -1.075140148617476754e+00
1.236180904522613133e+01 -1.040509806816486638e+00
1.246231155778894539e+01 -8.832639302394322822e-01
1.256281407035175945e+01 -8.859854660571087059e-01
1.266331658291457352e+01 -8.799281805157703751e-01
1.276381909547738758e+01 -7.660653246172748343e-01
1.286432160804020164e+01 -6.186813063577768501e-01
1.296482412060301570e+01 -4.585461213630880328e-01
1.306532663316582976e+01 -4.754918358578087423e-01
1.316582914572864382e+01 -2.971684662454360248e-01
1.326633165829145788e+01 -2.695047320525518764e-01
1.336683417085427195e+01 -5.560225190248255234e-02
1.346733668341708601e+01 1.785755441258300991e-01
1.356783919597990007e+01 2.439969441099014980e-01
1.366834170854271413e+01 3.606268385055476089e-01
1.376884422110552819e+01 3.963962946577350710e-01
1.386934673366834225e+01 5.622121436537143024e-01
1.396984924623115631e+01 6.108347454911651209e-01
1.407035175879397038e+01 7.701935620973227037e-01
1.417085427135678444e+01 9.011719867663188221e-01
1.427135678391959850e+01 9.423938249715007043e-01
1.437185929648241256e+01 8.577842697028608132e-01
1.447236180904522662e+01 1.070620969530458488e+00
1.457286432160804068e+01 1.065117941933043655e+00
1.467336683417085474e+01 1.030926397408124195e+00
1.477386934673366881e+01 1.046172987572355773e+00
1.487437185929648287e+01 9.042582722792106287e-01
1.497487437185929693e+01 8.879630783233229963e-01
1.507537688442211099e+01 8.046325920869711323e-01
1.517587939698492505e+01 7.260456023622721133e-01
1.527638190954773911e+01 5.909108344679354641e-01
1.537688442211055317e+01 4.870373709519944527e-01
1.547738693467336724e+01 4.884331287887662687e-01
1.557788944723618130e+01 2.453150859872183509e-01
1.567839195979899536e+01 8.687072813526781900e-02
1.577889447236180942e+01 -1.199597598309164181e-02
1.587939698492462348e+01 -1.118979335321556579e-01
1.597989949748743754e+01 -1.865305911021068741e-01
1.608040201005025338e+01 -2.633414781797799309e-01
1.618090452261306567e+01 -4.850877048548238868e-01
1.628140703517588150e+01 -5.426690422015970627e-01
1.638190954773869379e+01 -7.159058915351405039e-01
1.648241206030150963e+01 -7.337635678692403518e-01
1.658291457286432191e+01 -8.114933524939837994e-01
1.668341708542713775e+01 -9.118326102144388434e-01
1.678391959798995003e+01 -9.982392537190447612e-01
1.688442211055276587e+01 -9.396074760234959244e-01
1.698492462311557816e+01 -1.028112169946261201e+00
1.708542713567839400e+01 -1.021174485953624034e+00
1.718592964824120628e+01 -9.434102936358546021e-01
1.728643216080402212e+01 -8.930670050154447814e-01
1.738693467336683440e+01 -8.675576124393559185e-01
1.748743718592965024e+01 -8.060377461155786571e-01
1.758793969849246253e+01 -7.500705453044734794e-01
1.768844221105527836e+01 -6.489647245878720216e-01
1.778894472361809065e+01 -5.923008634654297611e-01
1.788944723618090649e+01 -4.650976031016766932e-01
1.798994974874371877e+01 -2.859463839128057461e-01
1.809045226130653461e+01 -2.372884519847358875e-01
1.819095477386934689e+01 -8.437462101141809945e-02
1.829145728643216273e+01 1.097020203300080182e-01
1.839195979899497502e+01 2.204164044227850672e-01
1.849246231155779085e+01 2.805998163168655912e-01
1.859296482412060314e+01 4.651435383684406899e-01
1.869346733668341898e+01 4.688761500360967838e-01
1.879396984924623126e+01 7.066476162676923467e-01
1.889447236180904710e+01 7.840247155294689518e-01
1.899497487437185939e+01 8.250108782469249835e-01
1.909547738693467522e+01 8.669693828139137803e-01
1.919597989949748751e+01 9.908131274227565122e-01
1.929648241206030335e+01 1.015039212181009232e+00
1.939698492462311563e+01 9.366606520385789558e-01
1.949748743718593147e+01 1.084907101219870773e+00
1.959798994974874375e+01 9.785932313267685645e-01
1.969849246231155959e+01 9.848813055209681977e-01
1.979899497487437188e+01 9.385187398379994939e-01
1.989949748743718771e+01 8.760607986778974343e-01
2.000000000000000000e+01 7.503898878456528587e-01
